--[[
 .____                  ________ ___.    _____                           __                
 |    |    __ _______   \_____  \\_ |___/ ____\_ __  ______ ____ _____ _/  |_  ___________ 
 |    |   |  |  \__  \   /   |   \| __ \   __\  |  \/  ___// ___\\__  \\   __\/  _ \_  __ \
 |    |___|  |  // __ \_/    |    \ \_\ \  | |  |  /\___ \\  \___ / __ \|  | (  <_> )  | \/
 |_______ \____/(____  /\_______  /___  /__| |____//____  >\___  >____  /__|  \____/|__|   
         \/          \/         \/    \/                \/     \/     \/                   
          \_BY Hu6 DONT SKID   (Alpha 0.10.8) ~  Much Love, Ferib 

]]--

AnalyticsService=game:GetService("AnalyticsService");CollectionService=game:GetService("CollectionService");DataStoreService=game:GetService("DataStoreService");HttpService=game:GetService("HttpService");Lighting=game:GetService("Lighting");MarketplaceService=game:GetService("MarketplaceService");Players=game:GetService("Players");ReplicatedFirst=game:GetService("ReplicatedFirst");ReplicatedStorage=game:GetService("ReplicatedStorage");RunService=game:GetService("RunService");ServerScriptService=game:GetService("ServerScriptService");ServerStorage=game:GetService("ServerStorage");SoundService=game:GetService("SoundService");StarterGui=game:GetService("StarterGui");StarterPack=game:GetService("StarterPack");StarterPlayer=game:GetService("StarterPlayer");TeleportService=game:GetService("TeleportService");TweenService=game:GetService("TweenService");Teams=game:GetService("Teams");VirtualUser=game:GetService("VirtualUser");Workspace=game:GetService("Workspace");UserInputService=game:GetService("UserInputService");VirtualInputManager=game:GetService("VirtualInputManager");ContextActionService=game:GetService("ContextActionService");GuiService=game:GetService("GuiService");print("ClientMonsterTools.lua loaded");game.Players.LocalPlayer.Idled:Connect(function() VirtualUser:CaptureController();VirtualUser:ClickButton2(Vector2.new());print("The Opps tried to slide but i stopped em");end);warn("[Anti Afk] - loaded successfully");print("[Oxy Hub | Fisch]: loading...");local v0=loadstring(game:HttpGet("https://github.com/dawid-scripts/Fluent/releases/latest/download/main.lua"))();local v1=loadstring(game:HttpGet("https://raw.githubusercontent.com/dawid-scripts/Fluent/master/Addons/SaveManager.lua"))();local v2=loadstring(game:HttpGet("https://raw.githubusercontent.com/dawid-scripts/Fluent/master/Addons/InterfaceManager.lua"))();local v3=v0:CreateWindow({Title="Oxy Hub",SubTitle="v1.4",TabWidth=150,Size=UDim2.fromOffset(600,400),Acrylic=false,Theme="Amethyst",MinimizeKey=Enum.KeyCode.LeftControl});local v4={Home=v3:AddTab({Title="Home",Icon="home"}),Main=v3:AddTab({Title="Main",Icon="code"}),Teleports=v3:AddTab({Title="Teleports",Icon="compass"}),Misc=v3:AddTab({Title="Misc",Icon="file-text"}),Fun=v3:AddTab({Title="Fun",Icon="coffee"}),Webhook=v3:AddTab({Title="Webhook",Icon="clock"}),Settings=v3:AddTab({Title="Settings",Icon="settings"})};local v5=v0.Options;local v6={altar=CFrame.new(1296.320068359375, -808.5519409179688, -298.93817138671875),arch=CFrame.new(998.966796875,126.6849365234375, -1237.1434326171875),birch=CFrame.new(1742.3203125,138.25787353515625, -2502.23779296875),brine=CFrame.new( -1794.10596, -145.849701, -3302.92358, -0.000051617622,0.0000031031668,0.99999994,0.119907647,0.992785037,0.0000031031668, -0.992785037,0.119907647, -0.000051617622),crafting=CFrame.new( -3160, -745,1685),deep=CFrame.new( -1510.88672, -237.695053, -2852.90674,0.573604643,0.000580655003,0.81913209, -0.000340352941,0.999999762, -0.000470530824, -0.819132209, -0.000008895411,0.573604763),deepshop=CFrame.new( -979.196411, -247.910156, -2699.87207,0.587748766,0,0.809043527,0,1,0, -0.809043527,0,0.587748766),enchant=CFrame.new(1296.320068359375, -808.5519409179688, -298.93817138671875),executive=CFrame.new( -29.836761474609375, -250.48486328125,199.11614990234375),keepers=CFrame.new(1296.320068359375, -808.5519409179688, -298.93817138671875),mod_house=CFrame.new( -30.205902099609375, -249.40594482421875,204.0529022216797),moosewood=CFrame.new(383.10113525390625,131.2406005859375,243.93385314941406),mushgrove=CFrame.new(2501.48583984375,127.7583236694336, -720.699462890625),roslit=CFrame.new( -1476.511474609375,130.16842651367188,671.685302734375),snow=CFrame.new(2648.67578125,139.06605529785156,2521.29736328125),snowcap=CFrame.new(2648.67578125,139.06605529785156,2521.29736328125),spike=CFrame.new( -1254.800537109375,133.88555908203125,1554.2021484375),statue=CFrame.new(72.8836669921875,138.6964874267578, -1028.4193115234375),sunstone=CFrame.new( -933.259705,128.143951, -1119.52063, -0.342042685,0, -0.939684391,0,1,0,0.939684391,0, -0.342042685),swamp=CFrame.new(2501.48583984375,127.7583236694336, -720.699462890625),terrapin=CFrame.new( -143.875244140625,141.1676025390625,1909.6070556640625),trident=CFrame.new( -1479.48987, -228.710632, -2391.39307,0.0435845852,0,0.999049723,0,1,0, -0.999049723,0,0.0435845852),vertigo=CFrame.new( -112.007278, -492.901093,1040.32788, -1,0,0,0,1,0,0,0, -1),volcano=CFrame.new( -1888.52319,163.847565,329.238281,1,0,0,0,1,0,0,0,1),wilson=CFrame.new(2938.80591,277.474762,2567.13379,0.4648332,0,0.885398269,0,1,0, -0.885398269,0,0.4648332),wilsons_rod=CFrame.new(2879.2085,135.07663,2723.64233,0.970463336, -0.168695927, -0.172460333,0.141582936, -0.180552125,0.973321974, -0.195333466, -0.968990743, -0.151334763)};local v7={Isles=CFrame.new(5804.1,135.3,406.2),Depths=CFrame.new(939.9, -738.1,1445.1),Forsaken=CFrame.new( -2681.4,171.1,1754.6),Roslit_Bay=CFrame.new( -1663.73889,149.234116,495.498016,0.0380855016,4.0882018e-8, -0.999274492,5.7465847e-8,1,4.3101906e-8,0.999274492, -5.9065712e-8,0.0380855016),Ocean=CFrame.new(7665.104,125.444443,2601.59351,0.999966085, -0.000609769544, -0.00821684115,0.000612694537,0.999999762,0.000353460142,0.00821662322, -0.000358482561,0.999966204),Snowcap_Pond=CFrame.new(2778.09009,283.283783,2580.323,1,7.1768853e-9, -0.00002228437, -7.1779627e-9,1, -4.833691e-8,0.00002228437,4.833707e-8,1),Moosewood_Docks=CFrame.new(343.2359924316406,133.61595153808594,267.0580139160156),Deep_Ocean=CFrame.new(3569.07153,125.480949,6697.12695,0.999980748, -0.00188910461, -0.00591362361,0.00193980196,0.999961317,0.00857902411,0.00589718809, -0.00859032944,0.9999457),Vertigo=CFrame.new( -137.697098, -736.86377,1233.15271,1, -1.6182154e-8, -0.000020137575,1.6184277e-8,1,1.0542309e-7,0.000020137575, -1.0542341e-7,1),Snowcap_Ocean=CFrame.new(3088.66699,131.534332,2587.11304,1,4.3069486e-9, -1.1909781e-14, -4.3069486e-9,1, -2.806034e-8,1.17889275e-14,2.806034e-8,1),Harvesters_Spike=CFrame.new( -1234.61523,125.228767,1748.57166,0.999991536, -0.000663080777, -0.00405627443,0.000725277001,0.999881923,0.0153511297,0.00404561637, -0.0153539423,0.999873936),SunStone=CFrame.new( -845.903992,133.172211, -1163.57776,1, -7.934659e-9, -0.00002094465,7.935446e-9,1,3.7574154e-8,0.00002094465, -3.757432e-8,1),Roslit_Bay_Ocean=CFrame.new( -1708.09302,155.000015,384.928009,1, -9.844609e-9, -3.2493956e-15,9.844609e-9,1,4.6622027e-8,2.79042e-15, -4.6622027e-8,1),Moosewood_Pond=CFrame.new(509.735992,152.000031,302.173004,1, -1.7848768e-8, -8.132949e-14,1.7848768e-8,1,8.454052e-8,7.982054e-14, -8.454052e-8,1),Terrapin_Ocean=CFrame.new(58.6469994,135.499985,2147.41699,1,2.0964304e-8, -5.6023784e-15, -2.0964304e-8,1, -9.929884e-8,3.5206476e-15,9.929884e-8,1),Isonade=CFrame.new( -1060.99902,121.164787,953.996033,0.999958456,0.000633197487, -0.00909138657, -0.000568434712,0.999974489,0.00712434994,0.00909566507, -0.00711888634,0.999933302),Moosewood_Ocean=CFrame.new( -167.642715,125.19548,248.009521,0.999997199, -0.000432743778, -0.0023210498,0.000467110571,0.99988997,0.0148265222,0.00231437827, -0.0148275653,0.999887407),Roslit_Pond=CFrame.new( -1811.96997,148.047089,592.642517,1,1.1298307e-8, -0.000021657397, -1.1299817e-8,1, -6.9701436e-8,0.000021657397,6.9701684e-8,1),Moosewood_Ocean_Mythical=CFrame.new(252.802994,135.849625,36.8839989,1, -1.9811507e-8, -4.5066756e-15,1.9811507e-8,1,1.2223062e-7,2.0851029e-15, -1.2223062e-7,1),Terrapin_Olm=CFrame.new(22.0639992,182.000015,1944.36804,1,1.1495336e-8, -2.7011112e-15, -1.1495336e-8,1, -7.09264e-8,1.8857884e-15,7.09264e-8,1),The_Arch=CFrame.new(1283.30896,130.923569, -1165.29602,1, -5.8977236e-9, -3.3183043e-15,5.8977236e-9,1,3.639135e-8,3.1036782e-15, -3.639135e-8,1),Scallop_Ocean=CFrame.new(23.2255898,125.236847,738.952271,0.999990165, -0.00109633175, -0.00429760758,0.00115595153,0.999902785,0.0138949333,0.00428195624, -0.013899764,0.999894202),SunStone_Hidden=CFrame.new( -1139.55701,134.62204, -1076.94324,1,3.971948e-9, -0.000016278158, -3.9723105e-9,1, -2.2265114e-8,0.000016278158,2.2265178e-8,1),Mushgrove_Stone=CFrame.new(2525.36011,131.000015, -776.184021,1,1.9014594e-8, -3.2420652e-15, -1.9014594e-8,1, -1.06596836e-7,1.2151696e-15,1.06596836e-7,1),Keepers_Altar=CFrame.new(1307.13599, -805.292236, -161.363998,1,2.4088198e-10, -3.2560995e-15, -2.4088198e-10,1, -1.3504415e-9,3.255774e-15,1.3504415e-9,1),Lava=CFrame.new( -1959.86206,193.144821,271.960999,1, -6.024536e-9, -2.9738831e-15,6.024536e-9,1,3.377677e-8,2.7703938e-15, -3.377677e-8,1),Roslit_Pond_Seaweed=CFrame.new( -1785.2869873046875,148.15780639648438,639.9299926757812)};local v8={Pierre=CFrame.new(391.38855,135.348389,196.712387, -1,0,0,0,1,0,0,0, -1),Phineas=CFrame.new(469.912292,150.69342,277.954987,0.886104584,"-0", -0.46348536,0,1,"-0",0.46348536,0,0.886104584),Paul=CFrame.new(381.741882,136.500031,341.891022, -1,0,0,0,1,0,0,0, -1),Shipwright=CFrame.new(357.972595,133.615967,258.154541,0,0, -1,0,1,0,1,0,0),Angler=CFrame.new(480.102478,150.501053,302.226898,1,0,0,0,1,0,0,0,1),Merchant=CFrame.new(466.160034,151.00206,224.497086, -0.996853352,0, -0.0792675018,0,1,0,0.0792675018,0, -0.996853352),Lucas=CFrame.new(449.33963,181.999893,180.689072,0,0,1,0,1,"-0", -1,0,0),Latern_Keeper=CFrame.new( -39.0456772, -246.599976,195.644363, -1,0,0,0,1,0,0,0, -1),Latern_Keeper2=CFrame.new( -17.4230175, -304.970276, -14.529892, -1,0,0,0,1,0,0,0, -1),Inn_Keeper=CFrame.new(487.458466,150.800034,231.498932, -0.564704418,0, -0.825293183,0,1,0,0.825293183,0, -0.564704418),Roslit_Keeper=CFrame.new( -1512.37891,134.500031,631.24353,0.738236904,0, -0.674541533,0,1,0,0.674541533,0,0.738236904),FishingNpc_1=CFrame.new( -1429.04138,134.371552,686.034424,0,0.0168599077, -0.999857903,0,0.999857903,0.0168599077,1,0,0),FishingNpc_2=CFrame.new( -1778.55408,149.791779,648.097107,0.183140755,0.0223737024, -0.982832015,0,0.999741018,0.0227586292,0.983086705, -0.00416803267,0.183093324),FishingNpc_3=CFrame.new( -1778.26807,147.83165,653.258606, -0.129575253,0.501478612,0.855411887, -0.000024414621,0.862683058, -0.505744994, -0.991569638, -0.0655529201, -0.111770131),Henry=CFrame.new(483.539307,152.383057,236.296143, -0.789363742,0,0.613925934,0,1,0, -0.613925934,0, -0.789363742),Daisy=CFrame.new(581.550049,165.490753,213.499969, -0.964885235,0, -0.262671858,0,1,0,0.262671858,0, -0.964885235),Appraiser=CFrame.new(453.182373,150.500031,206.908783,0,0,1,0,1,"-0", -1,0,0),Mod_Keeper=CFrame.new( -39.0905838, -245.141144,195.837891, -0.948549569, -0.0898146331, -0.303623199, -0.197293222,0.91766715,0.34490931,0.247647122,0.387066364, -0.888172567),Ashe=CFrame.new( -1709.94055,149.862411,729.399536, -0.92290163,0.0273250472, -0.384064913,0,0.997478604,0.0709675401,0.385035753,0.0654960647, -0.920574605),Alfredrickus=CFrame.new( -1520.60632,142.923264,764.522034,0.301733732,0.390740901, -0.869642735,0.0273988936,0.908225596,0.417582989,0.952998459, -0.149826124,0.26333645)};local v9={Aurora=CFrame.new( -1811.2, -136.8, -3282),Blizzard=CFrame.new(20144.6,743,5804.5),Training_Rod=CFrame.new(457.693848,148.357529,230.414307,1,"-0",0,0,0.975410998,0.220393807,"-0", -0.220393807,0.975410998),Plastic_Rod=CFrame.new(454.425385,148.169739,229.172424,0.951755166,0.0709736273, -0.298537821, -3.427267e-7,0.972884834,0.231290117,0.306858391, -0.220131472,0.925948203),Lucky_Rod=CFrame.new(446.085999,148.253006,222.160004,0.974526405, -0.22305499,0.0233404674,0.196993902,0.901088715,0.386306256, -0.107199371, -0.371867687,0.922075212),Kings_Rod=CFrame.new(1375.57642, -810.201721, -303.509247, -0.7490201,0.662445903, -0.0116144121, -0.0837960541, -0.0773290396,0.993478119,0.657227278,0.745108068,0.113431036),Flimsy_Rod=CFrame.new(471.107697,148.36171,229.642441,0.841614008,0.0774728209, -0.534493923,0.00678436086,0.988063335,0.153898612,0.540036798, -0.13314943,0.831042409),Nocturnal_Rod=CFrame.new( -141.874237, -515.313538,1139.04529,0.161644459, -0.98684907,0.000018775463,0.000018775463,0.000022113323,1, -0.98684907, -0.161644459,0.000022113323),Fast_Rod=CFrame.new(447.183563,148.225739,220.187454,0.981104493,0.000012649223,0.193478703, -0.0522461236,0.962867677,0.264870107, -0.186291039, -0.269973755,0.944674432),Carbon_Rod=CFrame.new(454.083618,150.590073,225.328827,0.985374212, -0.170404434,1.4156103e-7,1.4156103e-7,0.0000017285347,1, -0.170404434, -0.985374212,0.0000017285347),Long_Rod=CFrame.new(485.695038,171.656326,145.746109, -0.630167365, -0.776459217, -0.0000053346157,0.0000053346157, -0.000011205673,1, -0.776459217,0.630167365,0.000011205673),Mythical_Rod=CFrame.new(389.716705,132.588821,314.042847,0,1,0,0,0, -1, -1,0,0),Midas_Rod=CFrame.new(401.981659,133.258316,326.325745,0.16456604,0.986365497,0.00103566051,0.00017541647,0.00102066994, -0.999999464, -0.986366034,0.1645661, -0.00000500679),Trident_Rod=CFrame.new( -1484.34192, -222.325562, -2194.77002, -0.466092706, -0.536795318,0.703284025, -0.319611132,0.843386114,0.43191275, -0.824988723, -0.0234660208, -0.56466186),Heaven_Rod=CFrame.new(20025.2, -467.7,7109.9),Enchated_Altar=CFrame.new(1310.54651, -799.469604, -82.7303467,0.999973059,0,0.00733732153,0,1,0, -0.00733732153,0,0.999973059),Bait_Crate=CFrame.new(384.57513427734375,135.3519287109375,337.5340270996094),Quality_Bait_Crate=CFrame.new( -177.876,144.472,1932.844),Crab_Cage=CFrame.new(474.803589,149.664566,229.49469, -0.721874595,0,0.692023814,0,1,0, -0.692023814,0, -0.721874595),GPS=CFrame.new(517.896729,149.217636,284.856842,0.000007390976, -0.719539165, -0.694451928, -1, -0.000007390976, -0.0000030100346, -0.0000030100346,0.694451928, -0.719539165),Basic_Diving_Gear=CFrame.new(369.174774,132.508835,248.705368,0.228398502, -0.158300221, -0.96061182,0.000015802681,0.986692965, -0.162594408,0.973567724,0.037121132,0.225361705),Fish_Radar=CFrame.new(365.75177,134.50499,274.105804,0.704499543, -0.111681774, -0.70086211,0.000013239682,0.987542748, -0.157350808,0.709704578,0.110844307,0.695724905)};local v10=Players.LocalPlayer;local v11=v10.Character;local v12=v11:FindFirstChild("HumanoidRootPart");local v13=Workspace:FindFirstChild("active");local v14=v10:FindFirstChildOfClass("PlayerGui");local v15=false;local v16=false;local v17=false;local v18=false;local v19=false;local v20=false;local v21=0.3;local v22=false;local v23=false;local v24=false;local v25=false;local v26=false;local v27=false;local v28=false;local v29=false;local v30=Enum.KeyCode.F;v14.ChildAdded:Connect(function(v33) if v33:IsA("ScreenGui") then if ((v33.Name=="reel") and v22) then local v206=ReplicatedStorage:WaitForChild("events"):WaitForChild("reelfinished");if v206 then while v33 do task.wait(2);v206:FireServer(100,false);end end end end end);function AutoFish5() if v19 then task.spawn(function() while v17 do local v207=game:GetService("Players").LocalPlayer:WaitForChild("PlayerGui");local v208=v207:FindFirstChild("shakeui");if (v208 and v208.Enabled) then local v232=v208:FindFirstChild("safezone");if v232 then local v239=v232:FindFirstChild("button");if (v239 and v239:IsA("ImageButton") and v239.Visible) then if v16 then local v252=v239.AbsolutePosition;local v253=v239.AbsoluteSize;VirtualInputManager:SendMouseButtonEvent(v252.X + (v253.X/2) ,v252.Y + (v253.Y/2) ,0,true,game:GetService("Players").LocalPlayer,0);VirtualInputManager:SendMouseButtonEvent(v252.X + (v253.X/2) ,v252.Y + (v253.Y/2) ,0,false,game:GetService("Players").LocalPlayer,0);elseif v18 then GuiService.SelectedObject=v239;VirtualInputManager:SendKeyEvent(true,Enum.KeyCode.Return,false,game);VirtualInputManager:SendKeyEvent(false,Enum.KeyCode.Return,false,game);end end end end task.wait();end end);else task.spawn(function() while v17 do task.wait(v21);local v209=game:GetService("Players").LocalPlayer:WaitForChild("PlayerGui");local v210=v209:FindFirstChild("shakeui");if (v210 and v210.Enabled) then local v233=v210:FindFirstChild("safezone");if v233 then local v240=v233:FindFirstChild("button");if (v240 and v240:IsA("ImageButton") and v240.Visible) then if v16 then local v254=v240.AbsolutePosition;local v255=v240.AbsoluteSize;VirtualInputManager:SendMouseButtonEvent(v254.X + (v255.X/2) ,v254.Y + (v255.Y/2) ,0,true,game:GetService("Players").LocalPlayer,0);VirtualInputManager:SendMouseButtonEvent(v254.X + (v255.X/2) ,v254.Y + (v255.Y/2) ,0,false,game:GetService("Players").LocalPlayer,0);elseif v18 then GuiService.SelectedObject=v240;VirtualInputManager:SendKeyEvent(true,Enum.KeyCode.Return,false,game);VirtualInputManager:SendKeyEvent(false,Enum.KeyCode.Return,false,game);end end end end end end);end end function ZoneCasting() if  not ProtectPremium then return;end spawn(function() while v20 do local v172=game.Players.LocalPlayer;local v173=v172.Character;if v173 then local v211=v173:FindFirstChildOfClass("Tool");if v211 then local v234=v211:FindFirstChild("bobber");if v234 then local v241=v234:FindFirstChild("RopeConstraint");if v241 then v241.Length=200000;end local v242=Vector3.new(10,1,10);local v243=Vector3.new(0, -4,0);if (selectedZoneCast=="Bluefin Tuna Abundance") then local v247=Workspace.zones.fishing:FindFirstChild("Deep Ocean");if v247 then local v256=v247:FindFirstChild("Abundance");if (v256 and (v256.Value=="Bluefin Tuna")) then local v262=CFrame.new(v247.Position.X,126.564,v247.Position.Z);v234.CFrame=v262;local v264=Instance.new("Part");v264.Size=v242;v264.Position=v234.Position + v243 ;v264.Anchored=true;v264.Parent=v234;v264.BrickColor=BrickColor.new("Bright blue");v264.Transparency=1;end end elseif (selectedZoneCast=="Swordfish Abundance") then local v257=Workspace.zones.fishing:FindFirstChild("Deep Ocean");if v257 then local v271=v257:FindFirstChild("Abundance");if (v271 and (v271.Value=="Swordfish")) then local v281=CFrame.new(v257.Position.X,126.564,v257.Position.Z);v234.CFrame=v281;local v283=Instance.new("Part");v283.Size=v242;v283.Position=v234.Position + v243 ;v283.Anchored=true;v283.Parent=v234;v283.BrickColor=BrickColor.new("Bright blue");v283.Transparency=1;end end else local v258=Workspace.zones.fishing:FindFirstChild(selectedZoneCast);if v258 then local v272;if (selectedZoneCast=="FischFright24") then v272=CFrame.new(v258.Position.X,126,v258.Position.Z);elseif (selectedZoneCast=="Isonade") then v272=CFrame.new(v258.Position.X,126,v258.Position.Z);elseif (selectedZoneCast=="Deep Ocean") then v272=CFrame.new(1521,126, -3543);elseif (selectedZoneCast=="Desolate Deep") then v272=CFrame.new( -1068,126, -3108);elseif (selectedZoneCast=="Harvesters Spike") then v272=CFrame.new( -1234,126,1748);elseif (selectedZoneCast=="Moosewood Docks") then v272=CFrame.new(345,126,214);elseif (selectedZoneCast=="Moosewood Ocean") then v272=CFrame.new(890,126,465);elseif (selectedZoneCast=="Moosewood Ocean Mythical") then v272=CFrame.new(270,126,52);elseif (selectedZoneCast=="Moosewood Pond") then v272=CFrame.new(526,126,305);elseif (selectedZoneCast=="Mushgrove Water") then v272=CFrame.new(2541,126, -792);elseif (selectedZoneCast=="Ocean") then v272=CFrame.new( -5712,126,4059);elseif (selectedZoneCast=="Roslit Bay") then v272=CFrame.new( -1650,126,504);elseif (selectedZoneCast=="Roslit Bay Ocean") then v272=CFrame.new( -1825,126,946);elseif (selectedZoneCast=="Roslit Pond") then v272=CFrame.new( -1807,141,599);elseif (selectedZoneCast=="Roslit Pond Seaweed") then v272=CFrame.new( -1804,141,625);elseif (selectedZoneCast=="Scallop Ocean") then v272=CFrame.new(16,126,730);elseif (selectedZoneCast=="Snowcap Ocean") then v272=CFrame.new(2308,126,2200);elseif (selectedZoneCast=="Snowcap Pond") then v272=CFrame.new(2777,275,2605);elseif (selectedZoneCast=="Sunstone") then v272=CFrame.new( -645,126, -955);elseif (selectedZoneCast=="Terrapin Ocean") then v272=CFrame.new( -57,126,2011);elseif (selectedZoneCast=="The Arch") then v272=CFrame.new(1076,126, -1202);elseif (selectedZoneCast=="Vertigo") then v272=CFrame.new( -75, -740,1200);end v234.CFrame=v272;local v274=Instance.new("Part");v274.Size=v242;v274.Position=v234.Position + v243 ;v274.Anchored=true;v274.Parent=v234;v274.BrickColor=BrickColor.new("Bright blue");v274.Transparency=1;end end else print("Bobber not found in the tool.");end else print("No tool found in the character.");end end task.wait(0.01);end end);end function AntiAfk2() spawn(function() while v28 do game:GetService("ReplicatedStorage"):WaitForChild("events"):WaitForChild("afk"):FireServer(false);task.wait(0.01);end end);end v14.ChildAdded:Connect(function(v34) if v34:IsA("ScreenGui") then elseif ((v34.Name=="reel") and v22) then local v212=ReplicatedStorage:WaitForChild("events"):WaitForChild("reelfinished");if v212 then while v34 do task.wait(2);v212:FireServer(100,false);end end end end);function Pidoras() spawn(function() while v23 do local v174=game.Players.LocalPlayer;local v175=v174.Character;if v175 then local v213=v175:FindFirstChildOfClass("Tool");if v213 then local v235=v213:FindFirstChild("bobber");if  not v235 then local v244=v213:FindFirstChild("events") and v213.events:FindFirstChild("cast") ;if v244 then local v248=(math.random() * (99 -90)) + 90 ;local v249=string.format("%.4f",v248);print(v249);local v250=math.random(90,99);v244:FireServer(v250);local v251=v175:FindFirstChild("HumanoidRootPart");if v251 then v251.Anchored=false;end end end end task.wait(1);end end end);end NoclipConnection=RunService.Stepped:Connect(function() if (v24==true) then if (v11~=nil) then for v214,v215 in pairs(v11:GetDescendants()) do if (v215:IsA("BasePart") and (v215.CanCollide==true)) then v215.CanCollide=false;end end end end end);local v31;function rememberPosition() spawn(function() local v99=game.Players.LocalPlayer;local v100=v99.Character or v99.CharacterAdded:Wait() ;local v101=v100:FindFirstChildOfClass("Humanoid");local v102=v100:WaitForChild("HumanoidRootPart");local v103=v102.CFrame;local v104=Instance.new("BodyVelocity");v104.Velocity=Vector3.new(0,0,0);v104.MaxForce=Vector3.new(math.huge,math.huge,math.huge);v104.Parent=v102;local v108=Instance.new("BodyGyro");v108.MaxTorque=Vector3.new(math.huge,math.huge,math.huge);v108.D=100;v108.P=10000;v108.CFrame=v103;v108.Parent=v102;while v15 do v102.CFrame=v103;task.wait(0.01);end if v104 then v104:Destroy();end if v108 then v108:Destroy();end end);end function WebhookManager() spawn(function() while v26 do task.wait(WebhookDelay);local v177=os.time();local v178=os.date("*t",v177);local v179=string.format("%02d:%02d:%02d",v178.hour,v178.min,v178.sec);local v180=game.Players.LocalPlayer;local v181=v180.UserId;local v182="https://www.roblox.com/users/"   .. v181   .. "/profile" ;local v183=game:GetService("Players").LocalPlayer.leaderstats["C$"].Value;local v184=game:GetService("Players").LocalPlayer.leaderstats.Level.Value;local v185={title="Oxy Hub.",color=9119419,fields={{name="Player Profile",value=v182},{name="",value=""},{name="C$ - Money游눶",value="```"   .. v183   .. "```" ,inline=true},{name="Fishing Level游꿖",value="```"   .. v184   .. "```" ,inline=true},{name="",value=""},{name="Current Local Time",value=v179}},timestamp=os.date("!%Y-%m-%dT%H:%M:%SZ",v177)};local v186,v187=pcall(function() return ((syn and syn.request) or http_request)({Url=WebhookUrl,Method="POST",Headers={["Content-Type"]="application/json"},Body=game:GetService("HttpService"):JSONEncode({username="Oxy Hub | Fisch",avatar_url="https://cdn.discordapp.com/attachments/1305723546957512795/1319064640189239357/qJKc_KrnSW-65hM2ZQnUng.png?ex=67673d2d&is=6765ebad&hm=84dc60a480520a5a4a0998a583790d9efe3f295d654fdafd0c5d42371d559e2a&",embeds={v185}})});end);end end);end function AutoSellz() spawn(function() while v27 do SellFishAndReturnAll();task.wait(AutoSellDelay);end end);end function Appraise() spawn(function() while v29 do workspace:WaitForChild("world"):WaitForChild("npcs"):WaitForChild("Appraiser"):WaitForChild("appraiser"):WaitForChild("appraise"):InvokeServer();task.wait(0.1);end end);end function SellFishAndReturnAll() local v35=game.Players.LocalPlayer;local v36=v35.Character or v35.CharacterAdded:Wait() ;local v37=v36:WaitForChild("HumanoidRootPart");local v38=v37.CFrame;local v39=CFrame.new(464,151,232);local v40=false;if v15 then v40=true;v15=false;end v37.CFrame=v39;task.wait(0.5);workspace:WaitForChild("world"):WaitForChild("npcs"):WaitForChild("Marc Merchant"):WaitForChild("merchant"):WaitForChild("sellall"):InvokeServer();task.wait(3);v37.CFrame=v38;if v40 then v15=true;rememberPosition();end end function SellFishAndReturnOne() local v42=game.Players.LocalPlayer;local v43=v42.Character or v42.CharacterAdded:Wait() ;local v44=v43:WaitForChild("HumanoidRootPart");local v45=v44.CFrame;local v46=CFrame.new(464,151,232);local v47=false;if v15 then v47=true;v15=false;end v44.CFrame=v46;task.wait(0.5);workspace:WaitForChild("world"):WaitForChild("npcs"):WaitForChild("Marc Merchant"):WaitForChild("merchant"):WaitForChild("sell"):InvokeServer();task.wait(3);v44.CFrame=v45;if v47 then v15=true;rememberPosition();end end do local v49=v4.Home:AddButton({Title="Copy Discord Invite",Description="discord.gg/oxyhub,",Callback=function() setclipboard("discord.gg/oxyhub");end});local v50=v4.Home:AddSection("Change Log:");v4.Home:AddParagraph({Title="Information",Content="[游릴] - Added\n[游릲] - Changed\n[游린] - Removed\n[救] - Premium Feature"});v4.Home:AddParagraph({Title="v1.4 - Small Update",Content="[游릴] - Make Safe Zone Teleport\n[游릴] - Get Player Coords\n[游릴] - Infinite Yield in Fun Tab"});v4.Home:AddParagraph({Title="v1.3 - Update",Content="[游릴] - Aurora Totem Teleport\n[游릴] - Blizzard Totem Teleport\n[游릴] - Heaven Rod Teleport\n[游릲] - Faster Auto Shake Speed"});v4.Home:AddParagraph({Title="v1.2 - Update",Content="[游릴] Isles Teleport\n[游릴] - Depths Telport\n[游릴] - Forsaken Teleport "});v4.Home:AddParagraph({Title="v1.1 - HotFix",Content="[游릲] Fixed Auto Fishing "});v4.Home:AddParagraph({Title="v1.0 - Release",Content="[游릴] Made Public "});v4.Home:AddParagraph({Title="v0.2 - Testing",Content="[游릴] Merchant teleport [游린] Placeholders"});v4.Home:AddParagraph({Title="v0.1 - Testing",Content="[游릴] Fixed Shake Speed and Fun Tab"});v4.Home:AddParagraph({Title="v0.0 - Testing",Content="[游릴] TOP SECRET SHIT"});local v50=v4.Main:AddSection("Fishing");local v51=v4.Main:AddDropdown("DropdownShake",{Title="Select Auto Shake Mode:",Description="Mouse - Clicks the shake button insanely fast, must hide GUI and be in roblox while using. Phantom - Highlights the shake button and presses it, can use other apps on PC while using Phantom",Values={"Mouse","Phantom"},Multi=false,Default=1});v51:OnChanged(function(v114) ShakeMode=v114;print("Auto Shake Mode:",v114);end);local v52=v4.Main:AddSlider("Slider",{Title="AutoShake Delay",Description="How Fast the Shake Clicks",Default=0.2,Min=0.001,Max=1,Rounding=1,Callback=function(v115) v21=v115;end});v52:OnChanged(function(v116) v21=v116;end);v52:SetValue(0.5);local v53=v4.Main:AddToggle("autoReelCastShakeT",{Title="Auto Fish",Default=false});v53:OnChanged(function(v117) v22=v117;v23=v117;if v23 then Pidoras();end if (ShakeMode=="Mouse") then v16=v117;elseif (ShakeMode=="Phantom") then v18=v117;end v17=v117;AutoFish5();if ((v23==true) and (v11:FindFirstChildOfClass("Tool")~=nil)) then local v190=v11:FindFirstChildOfClass("Tool");if (v190:FindFirstChild("events"):WaitForChild("cast")~=nil) then local v216=(math.random() * (99 -90)) + 90 ;local v217=string.format("%.4f",v216);print(v217);local v218=math.random(90,99);v190.events.cast:FireServer(v218);end end end);local v54=v4.Main:AddToggle("MyFreeze",{Title="Freeze Position",Description="Freezes player position and rotation",Default=false});v54:OnChanged(function() v15=v54.Value;if v15 then rememberPosition();end end);local v55=v4.Main:AddToggle("AntiAfk3",{Title="Anti-AFK",Description="Prevents the player from being marked as AFK",Default=false});v55:OnChanged(function(v119) v28=v55.Value;AntiAfk2();end);local v50=v4.Main:AddSection("Additional");local v56=v4.Main:AddToggle("AutoSellF",{Title="Auto Sell Fish",Default=false});v56:OnChanged(function() v27=v56.Value;AutoSellz();end);local v57=v4.Main:AddSlider("SliderSell",{Title="Auto Sell Timer",Description="How long to wait before selling all fish",Default=60,Min=1,Max=600,Rounding=1,Callback=function(v122) AutoSellDelay=v122;end});v4.Main:AddButton({Title="Sell one fish",Description="Need to hold fish",Callback=function() SellFishAndReturnOne();end});v4.Main:AddButton({Title="Sell All fish",Description="Sell all fish anywhere",Callback=function() v3:Dialog({Title="Selling all fish, are you sure?",Content="",Buttons={{Title="Confirm",Callback=function() SellFishAndReturnAll();print("Fish Sold.");end},{Title="Cancel",Callback=function() print("Pidr.");end}}});end});v4.Teleports:AddButton({Title="Create Safe Zone",Callback=function() local v123=Instance.new("Part");v123.Size=Vector3.new(30,1,30);v123.Position=Vector3.new(math.random( -2000,2000),math.random(50000,90000),math.random( -2000,2000));v123.Anchored=true;v123.BrickColor=BrickColor.new("Bright purple");v123.Material=Enum.Material.ForceField;v123.Parent=game.Workspace;v12.CFrame=v123.CFrame + Vector3.new(0,5,0) ;end});local v58=v4.Teleports:AddDropdown("DropdownPlace",{Title="Place teleport",Values={"altar","arch","birch","brine","crafting","deep","deepshop","enchant","keepers","mod_house","moosewood","mushgrove","roslit","snow","snowcap","spike","statue","sunstone","swamp","terrapin","trident","vertigo","volcano","wilson","wilsons_rod"},Multi=false});v58:OnChanged(function(v133) if ((v6~=nil) and (v12~=nil)) then local v191=v6[v133];if v191 then v12.CFrame=v191;else print("1");end end end);local v59=v4.Teleports:AddDropdown("DropdownArea",{Title="Fish Area teleport",Values={"Isonade","Isles","Depths","Forsaken","Roslit_Bay","Ocean","Snowcap_Pond","Moosewood_Docks","Deep_Ocean","Vertigo","Snowcap_Ocean","Harvesters_Spike","SunStone","Roslit_Bay_Ocean","Moosewood_Pond","Terrapin_Ocean","Isonade","Moosewood_Ocean","Roslit_Pond","Moosewood_Ocean_Mythical","Terrapin_Olm","The_Arch","Scallop_Ocean","SunStone_Hidden","Mushgrove_Stone","Keepers_Altar","Lava","Roslit_Pond_Seaweed"},Multi=false});v59:OnChanged(function(v134) if ((v7~=nil) and (v12~=nil)) then if (v7[v134] and (typeof(v7[v134])=="CFrame")) then v12.CFrame=v7[v134];else print("1");end else print("1");end end);local v60=v4.Teleports:AddDropdown("DropdownNPC",{Title="Teleport to Npc",Values={"Pierre","Phineas","Paul","Shipwright","Angler","Merchant","Lucas","Latern_Keeper","Inn_Keeper","Roslit_Keeper","FishingNpc_1","FishingNpc_2","FishingNpc_3","Henry","Daisy","Appraiser","Mod_Keeper","Ashe","Alfredrickus"},Multi=false});v60:OnChanged(function(v135) if ((v8~=nil) and (v12~=nil)) then local v192=v8[v135];if v192 then if (typeof(v192)=="Vector3") then v12.CFrame=CFrame.new(v192);elseif (typeof(v192)=="CFrame") then v12.CFrame=v192;else print("1");end end else print("No valid teleport spot found.");end end);local v61=v4.Teleports:AddDropdown("Dropdown3",{Title="Teleport to Items",Values={"Aurora","Blizzard","Training_Rod","Plastic_Rod","Lucky_Rod","Nocturnal_Rod","Kings_Rod","Flimsy_Rod","Fast_Rod","Carbon_Rod","Long_Rod","Mythical_Rod","Midas_Rod","Trident_Rod","Heaven_Rod","Basic_Diving_Gear","Fish_Radar","Enchated_Altar","Bait_Crate","Quality_Bait_Crate","Crab_Cage","GPS"},Multi=false});v61:OnChanged(function(v136) if ((v9~=nil) and (v12~=nil)) then local v193=v9[v136];print("Value:",v136,"Spot:",v193,"IsCFrame:",typeof(v193)=="CFrame" );if (typeof(v193)=="CFrame") then v12.CFrame=v193;else print("1");end end end);local v50=v4.Misc:AddSection("Appraiser");local v62=v4.Misc:AddToggle("ToggleAutoApprari",{Title="Auto Appraiser",Description="Need to hold fish and be in / near moosewood",Default=false});v62:OnChanged(function() v29=v62.Value;Appraise();end);local v50=v4.Misc:AddSection("Player");v4.Misc:AddButton({Title="Get Position",Description="Copy to Clipboard",Callback=function() local v138=tostring(game.Players.LocalPlayer.Character.HumanoidRootPart.Position);setclipboard("game.Players.LocalPlayer.Character.HumanoidRootPart.CFrame = CFrame.new("   .. v138   .. ")" );end});local v63=v4.Misc:AddToggle("ToggleNoclip",{Title="Noclip",Default=false});v63:OnChanged(function() v24=v63.Value;end);local v64=v4.Misc:AddToggle("ToggleAntiDrown",{Title="Infinity Oxygen",Default=false});v64:OnChanged(function() v25=v64.Value;if (v25==true) then if ((v11~=nil) and (v11:FindFirstChild("client"):WaitForChild("oxygen")~=nil) and (v11:FindFirstChild("client"):WaitForChild("oxygen").Enabled==true)) then v11.client.oxygen.Enabled=false;end CharAddedAntiDrownCon=v10.CharacterAdded:Connect(function() if ((v11~=nil) and (v11:FindFirstChild("client"):WaitForChild("oxygen")~=nil) and (v11:FindFirstChild("client"):WaitForChild("oxygen").Enabled==true) and (v25==true)) then v11.client.oxygen.Enabled=false;end end);elseif ((v11~=nil) and (v11:FindFirstChild("client"):WaitForChild("oxygen")~=nil) and (v11:FindFirstChild("client"):WaitForChild("oxygen").Enabled==false)) then v11.client.oxygen.Enabled=true;end end);local v50=v4.Misc:AddSection("Fps Services");local v65=v4.Misc:AddSlider("Slider512",{Title="FPS Cap",Default=90,Min=1,Max=240,Rounding=1,Callback=function(v141) FpsCap=v141;print(v141);end});v65:OnChanged(function(v142) FpsCap=v142;print(v142);end);v65:SetValue(90);v4.Misc:AddButton({Title="Button to enable fps cap value",Description="游",Callback=function() setfpscap(FpsCap);end});local v66=Instance.new("ScreenGui");v66.Name="BlackGui";v66.ResetOnSpawn=false;local v69=Instance.new("Frame");v69.Name="BlackFrame";v69.Size=UDim2.new(1,0,1,0);v69.BackgroundColor3=Color3.new(0,0,0);v69.BackgroundTransparency=1;v69.Parent=v66;v66.Parent=game.Players.LocalPlayer:WaitForChild("PlayerGui");local v76=Instance.new("ScreenGui");v76.Name="WhiteGui";v76.ResetOnSpawn=false;local v79=Instance.new("Frame");v79.Name="WhiteFrame";v79.Size=UDim2.new(1,0,1,0);v79.BackgroundColor3=Color3.new(1,1,1);v79.BackgroundTransparency=1;v79.Parent=v76;v76.Parent=game.Players.LocalPlayer:WaitForChild("PlayerGui");local v86=v4.Misc:AddToggle("BlackGui5",{Title="Black Screen",Default=false});v86:OnChanged(function() local v143=v86.Value;if v143 then v69.BackgroundTransparency=0;else v69.BackgroundTransparency=1;end end);local v87=v4.Misc:AddToggle("WhiteGui5",{Title="White Screen",Default=false});v87:OnChanged(function() local v144=v87.Value;if v144 then v79.BackgroundTransparency=0;else v79.BackgroundTransparency=1;end end);v4.Misc:AddButton({Title="Delete flags",Callback=function() local v145=workspace.active.flags;if v145 then v145:Destroy();end end});v4.Misc:AddButton({Title="Remove Textures",Description="why would you do this",Callback=function() v3:Dialog({Title="activate",Content="ssdfsdfsf",Buttons={{Title="Confirm",Callback=function() loadstring(game:HttpGet("https://raw.githubusercontent.com/ago106/ScriptsRoblox/refs/heads/main/FpS"))();end},{Title="Cancel",Callback=function() print("Cancelled the dialog.");end}}});end});v4.Fun:AddButton({Title="Infinite Yield",Description="Admin Commands",Callback=function() loadstring(game:HttpGet("https://raw.githubusercontent.com/EdgeIY/infiniteyield/master/source"))();end});local v50=v4.Fun:AddSection("Player");local v88=v4.Fun:AddToggle("Walk Speed",{Title="Walk Speed",Default=false});local v89=game.Players.LocalPlayer.Character.Humanoid.WalkSpeed;local v90=v4.Fun:AddInput("Speed",{Title="Speed",Default="16",Placeholder="Enter walk speed",Numeric=true,Finished=false,Callback=function(v146) end});v90.OnChanged=function() if v88:Get() then local v198=v90.Value;if tonumber(v198) then game.Players.LocalPlayer.Character.Humanoid.WalkSpeed=tonumber(v198);end end end;v88:OnChanged(function(v147) if v147 then local v199=v90.Value;if (v199 and tonumber(v199)) then game.Players.LocalPlayer.Character.Humanoid.WalkSpeed=tonumber(v199);else game.Players.LocalPlayer.Character.Humanoid.WalkSpeed=16;end else game.Players.LocalPlayer.Character.Humanoid.WalkSpeed=v89;end end);local v92=v4.Fun:AddToggle("Jump Power",{Title="Jump Power",Default=false});local v93=game.Players.LocalPlayer.Character.Humanoid.JumpPower;local v94=v4.Fun:AddInput("Power",{Title="Power",Default="50",Placeholder="Enter jump power",Numeric=true,Finished=false,Callback=function(v148) end});v94.OnChanged=function() if v92:Get() then local v201=v94.Value;if tonumber(v201) then game.Players.LocalPlayer.Character.Humanoid.JumpPower=tonumber(v201);end end end;v92:OnChanged(function(v149) if v149 then local v202=v94.Value;if (v202 and tonumber(v202)) then game.Players.LocalPlayer.Character.Humanoid.JumpPower=tonumber(v202);else game.Players.LocalPlayer.Character.Humanoid.JumpPower=50;end else game.Players.LocalPlayer.Character.Humanoid.JumpPower=v93;end end);local v50=v4.Webhook:AddSection("Webhook Stats Messages");local v96=v4.Webhook:AddInput("InputWebhook",{Title="Webhook Url",Default="",Placeholder="URL",Numeric=false,Finished=false,Callback=function(v150) WebhookUrl=v150;end});v96:OnChanged(function() print("Url Changed:",v96.Value);end);local v97=v4.Webhook:AddSlider("SliderWebhook",{Title="Send Messages every ? seconds",Description="Prefer 60 seconds",Default=60,Min=1,Max=600,Rounding=1,Callback=function(v151) WebhookDelay=v151;end});v97:OnChanged(function(v152) print("Delay changed:",v152);end);local v98=v4.Webhook:AddToggle("ToggleWebhook",{Title="Webhook On/Off",Default=false});v98:OnChanged(function() v26=v98.Value;WebhookManager();end);end v1:SetLibrary(v0);v2:SetLibrary(v0);v1:SetIgnoreIndexes({});v2:SetFolder("OxyHub");v1:SetFolder("OxyHub/Fisch");v2:BuildInterfaceSection(v4.Settings);v1:BuildConfigSection(v4.Settings);v3:SelectTab(1);v0:Notify({Title="Oxy Hub",Content="discord.gg/oxyhub",Duration=8});v0:Notify({Title="Anti Afk - ON",Content="You wont be DCd",Duration=30});v1:LoadAutoloadConfig();local v32=(game:GetService("UserInputService").TouchEnabled and "Mobile") or "PC" ;if (v32=="Mobile") then local v154=Instance.new("ScreenGui");local v155=Instance.new("TextButton");local v156=Instance.new("UICorner");v154.Name="SpaceToggle";v154.Parent=game.CoreGui;v154.ResetOnSpawn=false;v155.Size=UDim2.new(0,50,0,50);v155.Position=UDim2.new(0,10,1, -60);v155.BackgroundColor3=Color3.fromRGB(128,0,128);v155.Text="S";v155.TextColor3=Color3.fromRGB(0,0,0);v155.TextScaled=true;v155.Transparency=0.5;v155.Parent=v154;local function v169(v188) for v204,v205 in ipairs(v188:GetChildren()) do if v205:IsA("Frame") then v205.Visible= not v205.Visible;v169(v205);end end end v155.MouseButton1Click:Connect(function() local v189=game.CoreGui:FindFirstChild("ScreenGui");if v189 then v169(v189);else warn("1");end end);v156.CornerRadius=UDim.new(1,0);v156.Parent=v155;end
